7.4
7.45
7.45
7.43
7.28
7.34
7.36
7.32
7.3
7.22
7.31
7.05
7.01
6.94
7.09
6.9
7.07
7.29
7.47
7.16
7.18
7.33
7.3
7.22
7.22
7.07
7.18
7.18
7.2
7.27
7.34
7.64
7.43
7.39
7.5
7.37
7.51
7.25
7.43
7.51
7.32
7.28
7.31
7.28
7.26
7.18
7.11
7.11
7.36
7.39
7.51
7.5
7.47
7.45
7.5
7.18
7.28
7.2
7.24
7.28
7.07
7.08
7.3
7.23
7.2
7.24
7.22
7.09
7.18
6.6
6.79
6.7
6.62
6.56
6.57
6.76
6.79
6.72
6.68
6.93
7.03
7.11
7.18
7.22
8.05
8.75
8.82
9.0
9.15
9.28
9.34
9.27
9.36
9.4
9.05
8.9
8.93
9.12
9.16
9.44
9.14
9.05
8.98
8.73
8.65
8.8
8.82
8.57
8.4
8.59
8.73
8.89
8.71
9.14
9.1
9.56
9.57
9.6
9.53
9.39
9.55
9.65
9.36
9.53
9.55
9.64
9.56
9.94
10.2
9.94
9.79
9.93
9.95
9.81
9.94
10.45
10.43
10.31
10.4
10.4
10.26
10.77
10.49
10.36
10.14
10.54
10.36
10.6
10.19
9.81
9.97
9.82
9.83
9.85
10.09
9.98
9.85
10.17
10.16
10.51
10.84
10.44
10.43
10.52
10.74
11.1
11.31
11.43
11.48
11.41
11.25
11.37
11.19
11.09
11.28
11.55
11.1
11.18
11.06
11.44
11.29
11.04
11.22
10.66
10.22
10.35
10.65
10.36
10.4
10.28
10.85
11.15
11.61
11.53
11.73
11.84
12.18
12.27
12.41
11.62
11.38
11.61
11.59
11.38
11.49
11.3
11.3
11.86
11.85
11.55
11.44
11.57
11.45
11.52
11.56
11.25
10.95
10.77
11.16
11.21
10.73
10.56
10.2
10.21
10.19
10.14
10.57
10.34
10.36
10.45
10.85
10.77
10.52
10.57
10.43
10.52
10.23
10.19
10.6
10.44
10.09
10.06
9.94
10.02
9.85
9.93
9.9
10.2
10.39
10.57
10.64
10.69
10.64
11.09
11.05
11.3
11.68
11.5
11.86
12.06
12.1
11.43
11.36
11.36
11.31
11.09
11.28
11.51
11.53
11.26
11.34
11.28
11.16
11.13
10.9
11.21
11.35
11.34
11.49
11.9
11.86
11.5
11.58
11.63
11.23
11.2
11.1
11.18
11.4
11.52
11.96
12.01
11.9
11.96
12.58
13.37
13.0
13.55
13.84
13.57
13.78
13.23
12.91
13.1
12.84
12.93
12.93
12.65
12.75
13.44
13.52
13.95
13.96
13.52
13.56
13.75
14.16
13.91
13.65
13.77
14.02
13.47
13.32
14.65
14.59
14.18
13.86
13.86
13.89
13.85
13.56
13.47
13.23
13.39
12.89
13.03
13.07
13.32
13.29
13.34
13.14
13.57
13.65
13.6
13.53
13.32
13.53
13.23
13.35
13.56
13.67
14.2
14.26
14.09
14.03
14.03
14.46
14.2
14.39
14.9
15.18
15.1
15.37
15.06
15.35
16.37
16.41
16.45
16.17
16.5
16.85
16.59
16.85
16.25
16.25
16.27
16.15
15.54
15.48
15.19
15.07
15.02
14.57
14.61
14.79
16.47
16.1
15.98
16.1
15.81
15.84
15.35
15.63
16.22
16.14
16.32
16.17
15.79
15.65
15.9
15.69
14.89
15.15
15.76
15.51
15.19
15.42
15.39
15.44
15.87
15.35
15.4
15.54
15.98
16.52
17.33
17.17
17.06
17.25
17.93
17.83
17.61
17.88
18.17
17.85
17.93
17.8
17.75
17.6
18.17
18.57
18.85
19.0
18.46
18.64
18.65
18.76
19.02
19.34
19.38
19.33
19.4
19.68
20.32
19.81
19.53
19.3
19.15
19.88
22.49
22.75
23.88
23.71
23.74
23.97
23.7
23.77
23.99
25.15
26.09
26.2
26.23
26.75
27.66
27.23
27.36
27.19
27.02
27.38
27.65
27.75
27.62
27.47
27.45
27.69
27.58
30.67
30.64
32.03
32.28
34.22
33.53
33.9
32.6
31.34
32.89
31.44
31.64
32.0
32.58
32.46
32.65
32.63
33.3
32.49
31.36
31.84
31.88
32.01
31.58
32.09
32.22
32.4
32.2
31.65
31.97
32.25
32.28
34.62
34.48
32.28
32.73
34.9
35.1
35.33
34.94
35.23
35.24
35.38
36.03
36.12
36.32
36.99
38.45
38.76
39.81
38.9
39.42
39.47
40.45
39.37
39.18
40.6
42.31
44.21
45.06
43.9
43.4
42.65
44.12
44.47
44.49
44.86
44.5
44.12
41.79
42.81
42.75
40.53
39.35
39.83
40.27
40.32
40.96
41.18
42.25
42.96
43.7
42.83
42.55
42.5
42.53
41.75
42.8
41.67
40.89
41.09
41.89
42.33
43.56
43.74
41.92
42.66
41.04
37.26
35.35
35.62
37.09
35.51
37.18
35.5
36.98
36.19
35.95
35.54
36.06
36.43
36.21
37.15
36.68
37.24
36.97
36.42
35.61
34.13
34.77
35.55
35.36
35.84
37.55
37.55
39.76
39.7
39.78
40.74
40.56
39.76
40.3
40.04
38.24
37.92
36.54
36.92
37.65
35.81
35.9
36.0
37.13
37.98
38.31
37.61
37.86
38.55
38.89
37.76
37.1
37.31
36.37
36.81
36.5
37.98
37.39
37.63
38.25
38.1
38.24
38.35
40.75
41.55
41.49
43.19
43.63
43.29
44.0
43.81
43.63
43.99
43.8
42.65
42.75
43.19
43.22
42.71
42.99
42.65
43.82
43.38
44.0
46.1
47.68
46.25
47.15
46.3
45.83
45.87
45.74
45.77
46.06
45.74
45.84
46.57
46.89
46.26
46.22
48.8
48.68
49.78
51.31
51.4
50.82
49.61
49.87
51.21
52.64
53.19
52.11
51.9
53.2
53.84
53.44
51.08
52.34
53.61
54.44
53.75
52.78
51.7
51.3
50.37
51.59
49.25
53.74
54.0
53.44
52.21
54.94
56.14
55.66
56.79
56.1
57.03
55.41
54.47
57.59
57.5
59.95
61.85
61.15
60.23
59.9
60.11
61.18
61.54
61.45
62.28
64.95
64.52
64.56
64.96
66.52
67.11
69.34
69.66
68.1
67.82
71.6
72.63
71.82
74.05
73.95
74.08
74.33
74.91
74.98
72.01
72.18
71.11
71.38
72.11
73.5
74.02
73.35
74.23
73.57
71.45
71.89
74.75
74.97
74.38
76.3
76.05
80.86
83.9
84.29
85.59
84.71
82.49
79.04
76.09
77.67
76.04
74.2
72.33
72.03
75.0
75.51
75.42
72.1
71.85
67.3
67.6
68.81
64.95
67.31
64.71
67.64
69.22
70.57
70.29
69.08
71.32
71.75
71.46
70.99
68.49
69.1
69.61
67.72
65.48
66.31
65.66
63.93
63.19
65.68
67.32
66.23
64.31
64.66
63.99
61.81
61.67
60.16
59.96
59.51
58.71
62.33
62.75
62.72
62.65
61.17
67.21
71.24
69.79
68.67
67.99
66.71
66.47
64.81
66.22
65.65
67.63
67.04
65.75
66.17
68.15
69.36
70.39
69.6
71.62
71.14
71.13
71.89
71.89
71.03
70.6
68.15
67.7
67.79
64.98
65.26
63.18
64.51
63.38
63.15
63.34
64.33
63.55
61.22
59.77
62.17
61.66
60.0
59.72
58.56
60.76
59.24
57.0
58.33
57.61
59.38
57.56
57.2
57.47
57.86
59.58
58.83
58.99
57.43
56.02
58.97
57.27
57.95
57.0
55.77
55.4
55.0
55.65
52.96
52.25
50.67
52.37
52.9
54.1
60.5
60.72
61.42
61.93
63.87
63.4
65.59
67.96
67.18
68.16
69.59
68.3
67.21
64.78
63.59
64.07
63.65
63.94
66.45
67.98
67.59
67.91
66.56
67.62
67.31
67.81
68.75
66.98
66.48
66.96
67.85
68.38
71.48
70.03
72.8
72.52
72.5
72.63
74.2
74.17
74.1
73.89
73.77
75.26
74.65
73.0
75.75
77.61
76.41
77.01
76.98
74.86
74.08
75.38
74.83
74.22
74.63
73.81
73.23
75.26
75.02
75.4
74.29
74.53
78.99
79.95
81.46
81.05
81.68
82.19
80.41
80.42
81.08
79.16
78.98
78.29
79.71
80.51
82.45
83.34
83.12
84.35
85.0
84.05
85.61
85.85
86.47
88.6
90.31
91.63
89.54
91.81
91.8
91.66
91.32
91.12
91.27
89.83
87.04
88.26
88.75
86.14
89.05
88.55
87.72
85.47
86.31
84.76
82.9
82.2
81.51
81.52
80.87
84.84
83.8
85.66
85.05
85.47
92.57
97.0
95.8
94.62
97.1
94.95
89.07
88.5
86.79
85.7
86.7
86.25
85.38
85.94
85.55
85.73
84.74
84.75
83.94
84.15
86.15
86.18
83.27
84.88
84.7
85.3
85.21
84.83
85.9
89.2
89.51
89.07
88.51
83.93
84.61
87.06
85.41
86.32
88.19
87.72
88.0
87.97
89.87
88.4
90.0
89.57
89.59
91.13
91.48
93.87
93.96
93.52
95.85
95.46
93.24
93.75
92.91
93.65
94.5
94.27
94.68
93.65
94.25
92.59
92.19
90.24
91.43
90.35
90.4
90.27
90.97
93.51
93.24
95.35
98.84
99.92
99.8
99.47
100.39
100.4
100.81
103.92
105.06
106.88
107.34
108.74
109.36
107.52
107.34
109.44
110.02
111.98
113.54
112.89
110.69
113.62
114.35
118.77
121.19
118.4
121.33
122.67
123.64
124.07
124.49
120.19
120.38
117.5
118.75
120.5
125.09
123.66
121.55
123.9
123.0
122.34
119.65
121.89
120.56
122.04
121.26
127.17
132.75
132.3
130.33
132.35
132.39
134.07
137.73
138.1
138.91
138.12
140.0
143.75
143.7
134.89
137.26
146.0
143.85
141.43
131.76
135.0
136.49
131.85
135.25
135.03
134.01
126.39
125.0
127.79
124.03
119.9
117.05
122.06
122.22
127.57
132.51
131.07
135.3
132.25
126.82
134.08
136.25
138.48
144.16
136.76
135.01
131.77
136.71
135.49
136.85
137.2
138.81
138.41
140.92
140.77
140.31
144.15
148.28
153.18
152.77
154.5
153.47
156.34
158.45
157.92
156.24
161.45
167.91
167.86
166.79
162.23
167.25
166.98
169.58
172.75
173.5
170.42
174.36
186.16
185.93
182.78
184.7
185.09
187.0
189.95
187.44
187.87
186.18
191.79
186.3
175.47
165.37
153.76
169.96
166.11
164.3
166.39
163.95
168.85
168.46
171.54
172.54
174.81
180.22
184.29
182.22
178.86
179.81
185.5
189.95
194.3
194.21
188.54
190.86
191.83
190.39
184.4
182.98
183.12
187.21
193.91
198.8
198.95
198.57
199.83
198.08
194.84
194.93
180.05
177.64
171.25
179.4
178.02
172.69
178.78
169.04
159.64
160.89
161.36
155.64
139.07
135.6
130.01
130.01
131.54
132.18
135.36
133.75
131.65
129.36
122.0
121.24
125.48
129.45
124.86
129.4
127.46
124.63
122.18
123.82
121.54
119.46
119.74
119.15
122.96
129.91
125.02
121.73
124.62
124.49
120.93
122.25
119.69
127.35
126.03
127.94
126.61
126.73
132.82
129.67
133.27
139.53
140.98
145.06
140.25
143.01
143.5
149.53
147.49
151.61
153.08
155.89
152.84
151.44
154.55
147.14
147.78
148.38
153.7
154.49
161.04
168.16
160.2
162.89
168.94
169.73
172.24
175.05
173.95
180.0
180.94
184.73
186.66
182.59
185.06
183.45
188.16
189.96
186.26
189.73
187.62
183.6
185.9
178.19
177.05
181.17
186.43
187.01
186.69
188.75
186.1
185.37
185.19
189.43
185.64
181.61
185.64
180.81
173.26
172.37
176.84
181.43
178.75
180.9
175.27
173.16
173.25
177.39
168.26
170.09
167.44
174.68
168.18
170.12
175.16
179.55
174.25
176.63
172.58
173.88
169.64
172.81
171.81
165.15
166.29
162.02
166.26
159.03
162.12
154.4
157.08
159.88
158.95
156.66
153.23
160.64
164.19
163.57
169.55
173.56
176.73
179.3
179.32
175.74
175.39
173.53
175.84
174.29
176.79
172.55
173.64
174.67
173.74
169.53
166.19
166.96
161.22
160.18
157.92
151.68
151.61
152.65
148.94
140.36
139.88
127.83
134.09
140.91
131.05
126.84
128.71
131.93
128.24
105.26
113.66
109.12
100.1
97.07
98.14
89.16
89.79
88.74
96.8
110.26
104.08
97.95
101.89
97.4
98.44
91.49
96.87
98.23
96.38
92.09
99.91
104.55
111.04
107.59
106.96
110.99
103.3
99.1
98.24
95.88
94.77
90.12
96.44
90.24
88.14
89.91
86.29
80.49
82.58
92.95
90.8
95.0
92.67
88.93
92.47
95.9
91.41
94.0
99.72
100.06
98.21
95.0
98.27
94.75
95.43
89.16
89.43
90.0
85.74
86.38
85.04
85.81
86.61
86.29
85.35
90.75
94.58
93.02
91.01
92.7
90.58
88.66
87.71
85.33
83.38
82.33
78.2
82.83
88.36
88.36
89.64
90.73
94.2
93.0
90.13
91.51
92.98
93.55
96.46
99.72
102.51
97.83
96.82
99.27
99.16
94.53
94.37
90.64
91.2
86.95
90.25
91.16
89.19
89.31
87.94
88.37
91.17
88.84
85.3
83.11
88.63
92.68
96.35
95.93
95.42
99.66
101.52
101.62
101.59
107.66
106.5
106.49
109.87
106.85
104.49
105.12
108.69
112.71
115.99
118.45
115.0
116.32
119.57
120.22
118.31
117.64
121.45
123.42
120.5
121.76
121.51
125.4
123.9
124.73
123.9
125.14
125.83
127.24
132.07
132.71
132.5
129.06
129.19
129.57
124.42
119.49
122.95
122.42
126.65
127.45
125.87
124.18
122.5
130.78
133.05
135.07
135.81
139.35
139.49
140.95
143.74
144.67
143.85
142.72
140.25
139.95
136.97
136.09
136.35
135.58
135.88
139.48
137.37
134.01
136.22
139.86
142.44
141.97
142.43
142.83
140.02
138.61
135.4
137.22
136.36
138.52
142.34
142.27
146.88
147.52
151.75
152.91
151.51
156.74
157.82
159.99
160.1
160.0
160.03
162.79
163.39
166.43
165.55
165.11
163.91
165.51
164.72
162.83
165.31
168.42
166.78
159.59
164.0
164.6
166.33
169.22
169.06
169.4
167.41
169.45
170.05
168.21
165.3
165.18
166.55
170.31
172.93
171.14
172.56
172.16
173.72
175.16
181.87
184.55
185.02
184.02
184.48
185.5
183.82
182.37
186.15
185.38
185.35
180.86
184.9
186.02
190.01
190.25
189.27
190.47
190.81
190.02
191.29
190.56
188.05
189.86
198.76
204.92
205.2
203.94
202.48
197.37
192.4
196.35
188.5
189.31
188.75
190.81
194.03
194.34
201.46
202.98
203.25
201.99
204.45
206.63
207.0
205.96
200.51
199.92
205.88
204.44
204.19
200.59
199.91
196.97
196.23
196.48
193.32
188.95
189.87
197.8
196.43
194.67
196.98
194.17
195.03
191.86
195.43
198.23
200.36
202.1
209.04
211.61
209.1
211.64
210.73
214.01
214.38
210.97
210.58
211.98
210.11
207.72
210.65
209.43
205.93
215.04
211.73
208.07
197.75
203.07
205.94
207.88
199.29
192.06
194.73
195.86
199.23
192.05
195.46
194.12
196.19
195.12
198.67
200.38
203.4
202.55
202.93
201.67
200.42
197.06
200.66
202.0
204.62
208.99
208.85
209.33
210.71
218.95
219.08
223.02
224.84
225.5
226.6
223.84
224.45
224.12
224.65
222.25
224.75
228.36
229.37
226.65
230.9
232.39
235.85
235.0
235.97
238.49
239.54
240.6
239.95
241.79
242.29
242.43
245.69
248.92
247.4
247.07
244.59
259.22
266.47
270.83
269.5
262.04
261.6
268.64
261.09
266.35
258.68
255.99
246.25
235.86
253.99
256.52
262.09
258.36
253.82
254.22
252.36
248.34
237.76
242.32
246.76
245.22
244.11
253.35
256.88
260.83
263.95
263.12
255.96
250.94
249.33
243.2
250.51
253.51
254.28
259.69
267.25
271.87
274.07
270.17
273.85
270.97
269.0
266.7
268.3
256.17
251.53
248.48
246.94
248.63
258.67
258.09
259.62
257.29
251.8
252.73
251.45
249.9
245.58
251.89
254.24
259.02
259.94
259.28
264.08
260.96
258.11
257.25
261.85
261.93
262.98
261.7
260.09
261.75
259.41
250.19
251.79
249.1
247.64
251.97
253.07
249.88
249.64
245.8
239.93
242.89
240.28
241.62
242.5
243.1
250.33
252.17
258.77
257.81
262.92
263.07
263.41
267.04
268.06
270.22
276.57
275.37
283.23
283.77
287.75
288.92
292.32
291.16
286.86
287.37
283.75
282.52
278.64
288.94
289.19
289.22
294.07
295.36
298.54
300.14
302.31
314.74
318.0
309.49
310.53
309.52
307.47
308.84
308.05
307.83
305.24
300.98
304.18
309.36
312.8
318.27
317.13
318.62
316.08
318.03
316.65
308.03
307.04
301.59
300.5
308.43
306.73
313.36
308.73
314.8
315.0
316.87
311.15
316.4
318.15
317.44
320.15
318.21
321.01
319.76
320.56
321.67
320.29
320.36
321.25
320.61
322.21
324.2
325.16
323.6
324.68
325.47
325.29
323.66
322.56
329.57
331.29
334.0
333.73
336.12
342.45
341.64
344.42
345.68
348.48
340.65
338.84
332.68
326.72
337.45
341.4
343.85
343.21
336.1
339.32
345.03
344.32
343.44
346.5
351.88
355.2
358.16
354.54
356.85
359.18
359.9
363.13
358.3
350.56
338.61
342.62
342.88
348.16
353.21
349.31
352.12
359.56
360.0
355.36
355.76
352.47
346.67
351.99
353.56
345.43
330.01
334.64
330.67
339.3
341.2
339.19
344.97
351.54
350.44
350.96
348.63
348.51
344.56
341.19
338.89
338.04
338.08
335.06
330.8
332.4
336.13
332.42
327.46
331.85
337.86
342.41
350.7
353.01
350.42
350.15
346.75
350.13
346.28
348.2
349.57
346.75
346.66
347.6
349.45
347.23
346.57
340.5
333.3
336.14
339.87
340.53
335.22
334.4
332.19
336.78
335.0
337.41
347.83
345.51
346.1
343.44
338.04
332.04
332.24
331.49
325.9
326.6
332.44
326.75
325.16
320.26
315.32
325.3
322.61
331.23
326.35
332.04
335.26
334.04
335.67
343.26
349.43
351.76
357.2
359.71
354.0
353.75
358.02
357.77
364.92
373.8
376.85
386.9
387.29
393.3
398.5
403.41
392.59
391.82
390.48
396.75
388.91
392.57
377.37
373.62
353.21
374.01
363.69
373.7
376.99
383.41
380.48
380.44
366.05
356.03
356.44
373.6
376.18
373.72
383.58
389.97
389.99
384.83
381.03
374.05
379.74
383.93
384.14
377.48
379.94
384.62
389.3
392.96
400.5
411.63
413.45
412.14
401.82
404.3
403.17
399.26
397.01
390.57
381.32
374.6
372.5
378.25
377.37
369.8
388.81
400.29
402.19
408.43
422.0
