21.11
21.14
21.52
21.93
21.31
21.93
21.97
22.16
22.39
22.11
21.75
20.22
20.17
20.04
20.54
19.59
19.32
19.18
19.61
18.95
18.65
19.08
18.59
18.45
18.63
18.3
18.62
18.25
18.25
18.46
18.98
19.61
19.34
19.03
19.42
18.98
19.07
18.61
18.59
18.68
18.56
18.19
18.48
18.35
18.57
18.09
17.98
18.44
19.45
19.6
20.44
20.53
20.75
20.69
20.95
19.94
20.1
19.91
19.74
19.45
19.09
19.2
20.28
20.29
19.78
19.84
20.17
19.37
19.39
19.08
19.52
19.39
19.65
20.1
19.88
20.31
20.28
20.1
19.88
20.29
20.34
20.16
20.28
20.58
20.39
20.79
20.49
20.29
20.78
20.66
20.49
20.2
20.33
20.16
19.52
19.42
18.94
19.05
19.09
19.54
19.24
19.24
19.4
19.43
19.61
19.61
18.99
18.66
18.72
19.46
19.61
19.7
19.43
20.02
20.47
20.55
20.55
20.76
20.32
20.26
19.91
20.3
20.21
20.21
20.62
21.19
20.89
21.62
21.84
21.66
21.22
21.53
21.6
21.5
21.7
21.04
21.2
20.53
20.8
20.85
20.5
21.2
20.98
20.87
20.68
20.82
20.63
20.64
20.23
20.22
20.27
20.17
20.19
20.29
20.18
20.21
20.14
20.26
20.99
20.85
20.69
20.67
20.89
20.95
20.83
20.9
20.91
21.49
22.31
22.41
22.37
22.74
22.37
21.72
21.95
22.34
22.36
22.78
22.47
23.26
23.62
22.92
23.34
22.44
22.26
22.22
22.73
21.92
22.48
22.47
22.93
23.01
22.97
22.72
22.82
22.79
22.69
22.61
23.05
23.17
22.94
23.27
23.27
22.9
22.92
21.1
21.33
21.56
21.2
20.71
20.72
21.15
20.67
20.69
20.8
20.69
20.61
20.45
20.6
20.37
20.22
19.94
19.94
20.1
19.9
19.91
20.4
20.14
20.18
20.38
20.49
20.34
20.35
20.77
20.6
20.8
20.91
21.08
21.1
21.13
21.2
21.45
21.44
21.72
21.69
21.55
21.52
21.44
21.57
21.77
21.82
21.7
21.76
22.31
22.39
22.36
22.33
21.93
21.86
21.75
21.96
21.83
22.05
22.28
22.44
22.21
22.58
22.83
22.4
21.97
22.13
21.92
21.72
21.64
21.41
21.37
21.47
21.33
21.42
21.52
21.37
21.08
21.4
21.22
20.98
21.06
21.1
21.31
21.17
21.01
21.03
21.17
20.92
20.91
20.91
20.89
20.48
20.39
20.11
19.89
20.12
19.95
19.96
19.92
19.73
19.53
19.42
19.15
19.35
19.97
19.84
20.07
19.98
19.76
19.88
20.49
20.57
20.45
20.29
20.2
20.3
20.18
20.22
19.99
19.95
20.24
20.08
20.18
20.57
21.83
21.6
21.58
21.06
20.99
20.72
20.89
20.87
20.85
20.71
20.44
20.56
20.57
20.57
20.69
20.5
20.25
20.48
20.31
20.4
20.53
20.42
20.69
20.72
20.76
20.8
20.7
20.72
20.53
20.57
20.95
21.09
20.99
21.22
21.33
21.73
21.66
22.02
22.48
22.48
22.43
22.44
22.51
22.65
22.42
22.59
22.64
22.7
22.65
22.21
22.28
21.91
22.09
22.11
21.88
22.3
22.1
21.79
22.16
22.45
22.88
22.99
22.22
22.72
22.55
22.66
22.58
22.59
22.61
22.25
22.25
21.83
21.52
21.55
21.98
21.73
21.31
21.42
21.48
21.45
21.77
21.5
21.56
21.66
21.66
21.91
21.82
21.83
21.71
21.71
21.78
21.96
21.56
21.76
21.68
21.69
21.86
21.67
21.82
21.62
21.68
21.87
21.87
21.68
21.56
21.75
21.7
21.62
21.68
21.93
21.99
22.46
22.36
22.57
22.69
22.4
22.26
22.31
22.29
22.29
22.1
22.26
22.59
22.41
22.82
22.71
22.06
21.97
22.18
22.38
22.27
22.24
22.33
22.45
22.64
23.06
23.31
23.28
23.67
23.64
23.84
23.83
24.27
24.03
24.08
23.99
23.8
23.62
23.51
23.61
23.57
23.72
23.76
24.15
24.01
24.13
24.22
23.99
24.25
24.13
24.0
24.15
24.13
24.03
24.07
23.89
23.88
23.99
23.9
23.94
23.79
23.88
23.84
23.72
23.68
23.7
23.79
23.73
23.71
23.64
23.75
23.69
23.73
23.28
23.15
23.33
23.02
22.92
22.73
22.75
23.06
23.05
23.14
23.2
23.29
23.39
23.45
23.2
23.33
23.18
23.25
23.1
23.09
23.02
23.05
23.05
22.93
22.8
22.65
22.43
22.4
22.55
22.45
22.37
22.47
22.45
22.37
22.37
22.64
22.58
22.5
22.61
22.3
22.32
22.14
21.89
21.81
21.61
21.51
21.33
21.49
21.58
21.51
21.26
21.48
21.49
21.44
21.54
21.75
21.93
22.31
22.17
22.2
22.51
22.26
22.08
21.74
21.91
21.89
21.62
22.47
22.21
22.21
22.01
22.21
21.73
22.49
22.43
22.54
22.41
22.43
22.42
22.32
22.13
22.14
22.22
22.49
22.73
22.7
22.92
23.11
22.95
23.05
22.96
22.93
23.1
23.25
23.01
23.02
23.0
22.68
22.62
22.75
22.65
22.75
22.68
22.57
22.62
22.53
22.33
22.33
22.39
22.43
22.36
22.57
22.33
22.34
22.36
22.37
22.15
22.04
22.28
22.03
21.98
22.37
22.55
22.84
22.88
23.16
23.0
22.78
23.33
23.36
23.58
22.9
22.91
22.78
22.94
22.96
22.84
23.11
23.91
24.3
24.36
24.76
24.19
24.39
24.03
24.32
24.12
24.27
23.92
24.1
23.99
23.9
24.07
24.03
23.98
24.18
24.12
24.28
24.31
24.49
24.33
24.17
24.15
24.02
23.8
23.77
23.8
23.68
23.53
23.5
23.32
23.25
23.11
22.8
22.66
22.6
22.6
22.66
22.96
23.2
23.01
22.81
22.34
22.07
22.12
21.99
21.88
21.83
21.73
21.99
22.07
21.94
21.98
22.44
22.17
22.16
22.45
22.39
22.46
22.23
22.83
22.99
23.22
23.67
23.65
23.85
24.16
24.19
24.11
24.23
24.4
24.48
24.67
24.88
25.09
25.18
25.26
25.04
25.05
24.9
24.89
24.83
24.83
25.02
25.13
24.98
24.84
24.89
24.84
24.86
24.62
24.34
24.3
24.15
24.13
24.07
24.09
23.98
23.85
23.9
23.74
23.67
23.57
23.46
24.08
24.19
24.21
24.14
24.09
24.22
24.48
24.35
24.39
24.21
24.07
24.24
23.69
23.64
23.57
23.68
23.77
24.93
25.12
25.25
25.15
24.83
24.7
24.37
24.17
24.14
23.92
23.94
23.67
23.91
24.19
24.13
24.03
23.89
24.05
24.0
23.97
24.35
24.19
24.43
24.28
24.24
24.22
24.36
24.53
24.3
24.46
24.4
24.51
24.63
24.55
24.75
25.1
24.97
24.44
24.17
24.31
24.31
24.21
24.32
24.51
24.49
24.81
24.88
24.97
24.81
24.53
24.56
24.42
24.48
24.37
24.16
24.5
24.33
24.33
24.44
24.4
24.4
24.39
24.53
21.74
21.86
21.61
20.85
21.1
21.42
21.36
21.26
21.39
20.9
20.85
20.92
20.79
20.54
20.63
20.38
20.67
20.59
21.23
21.45
21.43
20.92
20.47
20.62
20.57
20.33
20.0
19.92
19.98
19.81
19.62
19.44
19.77
19.94
19.97
20.38
20.38
20.85
20.67
20.33
20.62
20.66
20.93
21.21
21.05
21.42
21.1
21.22
21.05
21.23
20.87
20.46
20.11
20.14
20.31
20.55
21.14
20.65
21.57
21.69
21.88
22.02
21.57
21.91
21.74
21.68
21.96
21.88
21.95
21.88
21.99
22.08
22.1
22.07
22.17
22.33
22.4
22.4
23.39
23.69
23.24
23.28
23.34
23.44
23.53
23.43
23.4
23.31
23.43
23.23
23.23
23.06
23.22
23.5
23.52
23.56
23.88
24.35
24.3
24.36
24.65
24.4
24.18
24.44
24.67
24.89
24.85
24.8
24.81
24.82
25.34
25.32
25.28
25.14
25.11
24.98
25.59
25.73
25.8
25.79
25.87
25.66
25.78
25.8
25.65
25.67
25.71
25.7
25.87
26.04
26.13
26.09
26.06
26.16
26.26
26.28
26.54
26.52
26.62
26.6
26.5
26.82
26.75
27.2
27.23
27.23
27.08
26.83
26.75
26.91
26.72
26.5
26.69
26.51
26.38
26.25
26.75
26.88
26.78
26.89
27.36
27.47
27.2
27.29
27.38
27.28
26.97
27.29
27.32
27.28
27.17
27.17
27.13
26.97
27.24
27.26
26.99
27.94
28.4
28.36
28.3
28.21
28.31
27.96
27.97
28.29
27.71
27.85
27.78
27.74
28.08
27.81
27.47
26.95
26.85
26.73
26.63
26.37
26.34
26.49
26.85
26.9
26.24
26.33
26.8
26.84
26.39
26.55
25.45
25.72
25.65
25.35
25.16
25.41
25.21
24.95
24.92
25.06
24.4
25.02
24.91
24.96
25.41
25.42
26.04
25.82
25.59
25.77
25.31
25.24
25.34
25.45
25.33
25.45
26.03
26.07
26.09
25.93
25.67
26.06
26.13
26.24
26.34
26.12
26.2
26.5
26.28
26.29
26.47
26.57
27.5
27.34
27.76
27.95
28.28
27.91
28.04
28.08
28.11
27.92
28.21
28.28
28.31
28.46
28.38
28.24
28.45
28.12
28.02
27.64
27.92
28.21
28.5
28.12
28.02
28.14
28.02
27.75
27.14
27.53
27.5
27.35
27.84
27.96
27.93
27.95
27.91
27.49
27.69
27.02
27.02
27.04
27.36
27.33
27.0
27.25
27.5
27.47
27.46
27.36
26.87
27.02
27.55
27.32
27.51
28.2
28.33
28.87
28.55
28.57
28.22
28.13
27.47
26.93
26.93
26.56
26.84
27.04
26.53
27.06
27.07
27.48
26.84
26.3
26.23
25.99
25.83
25.57
25.97
25.98
25.81
25.94
26.02
26.49
26.19
25.68
26.28
26.16
26.41
26.49
26.18
26.58
26.15
26.18
26.6
26.6
26.81
26.7
26.41
26.6
26.36
26.13
26.34
26.73
27.18
27.12
27.11
27.08
27.37
27.3
27.07
27.31
27.43
27.43
27.67
27.79
27.5
27.74
27.62
27.87
28.57
28.65
27.74
28.05
28.41
28.73
29.41
32.2
31.78
32.7
33.84
34.07
34.07
33.77
33.47
32.65
31.94
31.01
30.69
31.79
31.3
31.14
31.44
31.32
31.9
31.57
31.46
30.41
30.49
31.08
30.98
30.99
30.36
30.23
31.5
31.87
31.85
32.06
31.45
31.79
32.49
32.57
31.72
32.04
32.09
32.76
33.26
33.74
33.77
33.18
33.32
32.84
32.49
32.62
31.71
31.92
30.85
31.77
31.67
31.28
31.72
31.36
30.65
30.54
30.45
29.48
29.45
30.67
30.38
30.18
30.07
29.7
30.07
28.09
27.85
26.81
26.31
25.94
26.34
26.02
26.14
26.71
26.29
26.21
26.08
26.13
26.02
25.63
25.78
26.28
26.17
25.86
25.19
24.99
25.55
26.04
25.53
25.81
25.97
27.11
26.51
26.5
25.89
26.2
27.24
26.5
27.02
27.01
26.98
26.45
25.97
25.84
26.28
27.32
27.0
26.85
27.0
27.0
26.62
26.75
26.95
26.19
25.98
26.16
26.81
27.06
27.78
28.17
28.01
29.12
29.45
27.62
26.84
26.52
26.41
27.22
27.08
26.93
27.5
27.05
27.1
27.21
27.77
27.68
27.82
28.3
27.87
27.38
26.73
26.25
26.46
26.07
26.43
26.19
26.31
26.32
25.84
25.38
25.59
26.3
25.55
25.75
25.92
25.2
26.25
27.02
26.89
26.77
26.45
26.89
26.24
25.99
25.77
26.35
25.79
25.68
25.57
24.97
24.05
24.15
24.19
24.02
23.45
23.65
23.47
23.37
24.3
25.33
25.58
24.03
23.83
23.98
24.56
23.64
24.31
23.7
24.27
24.38
23.9
23.64
23.49
24.36
25.11
25.46
26.14
25.93
26.13
25.94
25.94
25.85
25.73
25.49
25.46
25.36
25.98
25.81
25.45
25.72
26.07
25.46
25.29
25.1
24.59
23.93
24.37
24.35
24.67
25.51
25.77
25.03
24.25
22.93
23.57
23.48
23.7
23.74
24.0
24.83
25.57
23.34
24.9
24.71
24.49
24.56
23.24
21.68
21.47
20.81
20.06
23.79
22.49
21.14
22.57
22.33
23.07
21.8
20.09
20.83
20.49
19.76
21.55
21.46
21.12
20.84
21.11
21.96
20.6
19.48
20.06
19.87
19.78
18.94
19.83
18.72
18.03
18.43
17.18
16.47
18.49
19.44
18.78
19.25
18.99
17.48
17.99
18.67
17.95
18.67
19.74
19.35
19.36
18.27
18.19
17.89
18.89
18.47
18.13
17.96
18.02
18.11
18.01
17.97
17.81
18.17
18.26
19.1
19.28
19.5
18.33
18.9
18.34
18.29
18.62
17.93
18.07
18.52
17.36
18.21
16.07
16.16
16.56
16.59
16.95
16.52
16.06
16.75
17.38
17.5
17.89
18.47
18.26
17.66
18.05
18.09
17.93
17.11
17.14
16.94
17.03
16.28
16.24
16.04
15.53
15.28
14.93
15.02
15.25
14.44
14.45
14.33
15.59
16.18
16.09
15.75
15.37
15.98
16.04
16.21
16.14
17.34
16.96
16.91
17.81
17.15
16.53
17.38
18.26
18.25
17.73
17.74
17.74
18.15
18.6
18.53
18.3
17.81
18.69
18.16
17.6
17.94
17.76
17.9
19.78
19.3
18.85
19.15
19.16
19.14
19.1
18.72
18.72
18.27
18.37
18.27
18.81
18.68
18.97
19.12
19.48
19.33
19.4
18.87
18.8
19.36
19.16
19.47
19.88
20.37
20.37
20.68
20.78
21.07
20.99
21.02
21.46
21.73
22.21
22.29
22.32
22.54
22.37
22.91
22.16
22.22
22.34
22.64
22.23
22.71
22.63
22.88
22.24
22.08
21.45
21.47
21.36
21.31
22.11
22.0
22.96
23.26
23.12
23.35
23.63
23.61
24.33
22.32
22.0
22.34
22.65
22.66
22.39
22.68
22.63
22.66
22.33
22.43
22.29
22.02
22.4
22.48
22.55
22.13
22.57
22.64
22.66
23.37
23.59
23.59
23.5
23.63
23.62
23.59
22.97
22.84
23.08
23.57
23.76
23.72
23.93
23.8
23.93
24.12
24.12
24.22
24.18
24.22
24.67
24.61
24.83
24.46
24.72
24.65
24.62
23.82
23.89
23.59
24.04
24.03
24.57
24.46
24.62
24.71
24.85
25.57
25.37
25.23
25.24
25.44
25.45
26.82
27.45
27.37
26.82
27.01
26.54
26.69
26.35
26.86
27.25
27.3
27.75
27.77
27.87
28.1
28.36
28.28
28.84
28.95
28.63
28.48
28.79
28.76
28.64
28.09
28.28
28.85
28.63
28.68
28.82
28.64
28.43
28.56
28.72
28.7
28.95
28.86
28.94
28.46
29.19
29.34
29.63
29.73
29.8
29.97
30.18
29.77
29.3
29.76
29.77
29.58
29.28
29.48
29.1
28.91
29.18
29.77
29.67
29.9
29.41
28.85
27.84
28.19
28.36
28.53
28.04
27.09
27.31
27.36
27.53
26.77
26.94
26.65
26.93
26.91
27.04
26.85
27.38
27.62
27.98
27.79
27.75
27.36
27.65
27.63
27.69
28.03
27.49
27.49
27.65
27.62
27.65
27.82
27.98
28.19
28.27
28.29
28.37
28.62
28.6
28.58
28.59
28.86
28.64
28.99
28.65
28.58
28.76
28.29
28.17
28.27
28.32
28.35
28.9
29.31
29.29
29.41
29.77
29.82
29.63
29.98
30.29
30.26
30.32
29.91
30.05
29.8
29.86
29.94
29.5
29.81
29.1
28.83
27.99
27.25
27.95
27.9
28.44
28.24
27.94
27.95
27.75
27.4
26.3
26.04
25.49
25.3
24.27
25.23
25.03
25.12
25.67
26.06
25.02
24.54
24.36
24.05
24.26
24.9
24.74
25.79
25.54
25.59
25.65
25.18
25.0
24.56
24.26
23.8
23.59
22.62
22.33
22.47
22.58
23.11
23.58
23.68
23.55
24.09
24.38
24.68
24.75
24.15
24.48
24.72
24.37
25.07
25.04
25.32
25.38
25.18
25.26
25.04
25.55
25.38
24.97
24.62
24.79
24.85
24.33
24.12
23.76
23.67
23.77
24.1
24.21
23.84
23.64
23.68
23.45
23.51
23.24
23.34
23.06
22.89
23.31
23.35
23.69
23.37
23.34
23.42
23.26
24.49
24.42
24.5
24.71
24.6
24.81
24.53
24.01
23.83
24.17
24.12
24.07
23.9
23.89
23.78
23.32
23.75
23.83
23.93
23.97
23.99
24.22
24.72
24.61
24.91
25.19
24.48
24.69
24.8
24.76
24.57
25.26
25.41
25.64
26.02
26.29
26.72
26.37
26.47
26.19
26.15
26.29
26.28
26.03
25.63
25.56
25.33
25.1
25.36
25.21
25.25
24.65
24.9
24.78
24.84
24.79
25.56
26.39
26.52
26.34
26.37
26.73
26.58
26.83
26.74
27.11
27.33
27.47
27.38
27.29
27.55
27.67
27.78
27.55
27.49
27.45
27.33
27.39
27.46
27.57
27.48
28.29
28.07
27.7
27.59
28.02
27.67
27.78
28.13
27.94
27.82
27.5
27.85
27.92
28.25
28.33
27.24
27.22
27.47
27.42
27.14
27.26
27.68
27.76
27.45
26.99
26.74
26.73
26.62
26.68
26.86
26.72
26.25
26.25
26.43
26.21
26.24
25.83
25.75
25.87
25.62
25.39
25.58
25.56
25.09
25.35
25.36
25.07
24.47
24.46
24.48
25.01
24.98
25.21
25.48
25.29
25.09
25.17
25.28
25.07
25.16
25.22
25.45
25.82
25.87
25.74
25.65
25.31
25.3
25.1
25.05
24.76
24.83
25.43
25.19
25.28
25.86
26.04
26.37
25.59
25.33
25.48
25.73
25.46
25.54
25.5
25.34
25.04
25.0
24.71
24.26
24.37
24.54
24.56
24.34
24.02
24.0
24.04
24.52
24.6
24.85
24.28
24.07
23.76
23.86
23.91
23.79
23.81
23.56
23.89
24.07
23.59
23.85
24.11
24.32
24.6
24.5
24.48
24.15
25.04
25.64
25.46
25.84
25.86
25.87
26.16
26.6
26.75
26.46
26.37
26.46
26.3
26.61
26.42
27.37
26.89
26.93
27.36
27.73
27.9
27.16
27.55
27.23
27.1
26.63
26.75
25.78
25.52
24.33
25.42
24.05
25.03
24.94
25.35
25.35
25.25
24.67
24.05
23.98
24.72
24.9
24.57
25.25
25.84
26.23
26.6
26.21
25.8
25.51
26.0
26.22
25.74
25.89
26.04
26.5
26.99
27.12
27.21
26.98
25.99
25.06
25.06
25.44
25.67
25.58
25.45
24.89
24.53
25.34
25.89
26.34
26.25
26.94
27.0
26.96
27.18
27.27
