29.22
29.24
29.96
28.95
28.83
29.44
29.03
28.91
29.17
28.77
28.9
28.6
27.94
27.58
27.52
26.93
26.21
26.9
27.88
27.37
28.13
28.52
28.52
28.11
27.87
27.66
27.87
27.67
27.12
27.47
27.73
27.99
28.01
27.89
28.34
28.19
28.31
28.06
28.18
28.21
28.58
28.39
28.96
28.66
28.85
28.48
28.67
28.24
28.6
28.52
29.07
29.23
29.51
29.51
29.85
29.28
29.58
29.74
29.79
29.88
28.98
29.56
29.6
29.07
29.45
29.07
28.68
28.58
28.76
28.47
28.92
29.07
28.77
29.05
28.92
29.37
29.31
29.13
28.85
29.36
28.88
29.19
29.42
29.89
29.4
29.19
29.36
29.31
29.62
29.69
29.67
29.41
29.47
29.61
29.26
29.5
29.89
30.02
30.05
30.66
30.44
30.04
30.4
30.55
30.88
31.23
31.03
31.18
31.28
31.35
31.9
31.9
31.68
31.99
31.46
31.18
30.8
30.81
30.85
30.82
30.62
30.65
30.37
29.99
30.22
30.3
30.12
30.11
29.77
29.95
29.65
29.73
29.48
29.39
29.16
29.4
29.97
29.55
29.83
29.79
29.44
29.87
29.86
29.59
29.5
29.71
29.51
29.74
29.52
29.86
30.27
30.5
30.71
30.87
30.69
31.06
30.97
31.05
30.84
30.95
31.16
30.72
30.92
30.97
31.32
31.58
31.7
31.93
32.02
32.09
31.93
32.35
32.05
31.95
31.95
31.73
31.54
31.71
30.98
31.18
31.11
30.88
31.16
31.03
31.24
30.93
31.13
30.78
31.41
31.58
31.74
32.03
32.24
31.99
31.91
32.21
32.36
32.58
32.37
32.72
32.51
32.48
32.25
31.41
31.62
31.83
31.74
31.95
31.79
30.53
30.76
30.84
30.54
30.3
30.21
30.11
30.28
30.53
30.5
30.71
30.48
30.15
29.77
30.01
29.9
29.93
30.11
30.33
30.72
30.65
30.82
30.91
30.94
31.35
31.15
31.67
31.87
32.0
32.1
32.23
32.01
32.58
32.92
33.37
33.53
33.42
33.66
33.73
33.91
34.36
34.45
34.72
34.41
35.21
34.97
34.72
34.63
34.12
34.6
34.45
34.45
34.11
34.3
34.62
35.08
34.96
34.75
35.18
34.88
34.56
35.12
34.54
34.46
34.22
34.17
34.19
34.3
34.7
35.01
35.72
35.71
35.71
35.98
35.62
35.74
35.81
36.28
36.05
36.34
36.05
35.93
36.23
35.82
35.7
35.57
36.2
36.26
36.45
36.15
35.23
35.81
35.6
35.85
35.99
36.18
35.36
34.88
34.73
34.17
34.3
34.71
35.01
35.4
35.44
35.38
35.71
36.0
35.95
35.7
36.17
36.73
36.49
36.89
37.22
37.37
37.26
36.89
36.6
36.89
36.61
36.65
37.28
36.74
36.25
36.26
37.22
37.08
37.48
37.35
36.85
35.83
36.53
36.88
36.64
37.11
36.92
36.61
36.53
36.64
36.53
36.7
37.58
37.35
37.19
37.09
37.48
37.54
37.35
37.19
37.73
37.64
37.26
37.72
37.6
37.8
38.36
38.39
38.57
38.36
38.5
38.99
38.82
37.95
38.06
38.22
38.08
38.24
38.35
38.68
38.91
38.86
38.98
38.97
38.77
38.99
38.86
39.3
39.36
39.36
38.74
38.93
38.86
38.87
38.94
39.29
39.47
39.71
39.66
40.21
39.65
39.3
38.69
39.07
38.84
38.93
38.44
38.75
38.9
38.27
38.66
38.9
39.04
38.81
38.69
38.99
39.04
39.2
38.93
39.77
40.06
40.53
40.6
40.68
40.61
40.96
40.87
40.98
40.95
40.92
41.02
41.73
41.59
42.7
42.15
41.2
41.26
41.38
41.87
41.54
41.69
42.18
42.2
42.55
43.16
42.91
43.0
42.95
42.59
41.82
42.02
42.29
42.06
41.68
42.16
42.11
42.01
42.11
42.61
42.23
41.94
42.46
42.12
41.78
42.51
43.3
43.47
43.28
42.77
43.08
43.07
43.73
43.0
42.86
43.37
43.41
43.7
44.16
44.41
44.66
44.8
44.56
44.45
44.37
43.52
43.6
43.49
43.11
43.39
43.65
43.5
43.95
43.94
43.81
43.46
43.2
44.29
44.83
44.49
45.08
44.13
44.28
44.35
44.26
44.46
43.45
43.15
42.93
43.47
43.19
43.35
43.24
43.88
43.85
44.3
44.67
44.28
43.99
43.75
44.35
44.52
44.84
44.89
44.47
44.76
46.21
46.78
47.29
47.96
48.05
48.62
48.41
49.11
48.91
49.53
49.61
50.97
50.67
51.78
50.77
51.79
53.28
55.14
55.18
54.13
54.63
54.96
55.41
54.91
55.0
52.99
52.62
53.21
53.41
52.6
52.55
53.6
54.61
54.17
53.08
52.38
51.43
51.33
50.79
51.64
51.95
52.78
52.86
52.35
53.08
53.04
52.31
52.55
52.67
51.56
51.21
48.98
49.9
51.1
49.8
51.67
51.79
52.26
51.66
50.89
48.81
49.71
50.33
49.25
49.88
50.38
50.21
50.56
49.88
50.19
48.03
47.04
46.74
47.18
47.0
48.03
47.32
47.96
48.22
48.78
49.25
49.76
49.23
50.07
50.22
50.07
50.46
50.33
49.7
51.2
51.14
51.21
51.29
51.91
52.67
53.34
53.31
52.13
52.27
51.71
50.94
51.95
51.77
51.2
50.35
51.08
52.69
51.78
52.14
52.04
52.54
52.47
52.35
51.33
50.95
50.94
51.5
51.69
50.72
52.13
52.51
52.21
52.21
52.56
51.47
51.89
52.4
51.69
51.27
50.89
51.56
52.09
52.73
53.66
53.75
53.19
52.0
51.22
51.16
51.78
52.0
51.94
51.84
52.1
51.42
51.43
51.6
52.73
54.3
53.42
53.75
54.11
53.97
55.64
55.04
54.47
55.0
54.99
56.08
56.9
56.81
57.2
57.21
56.19
56.87
56.89
56.96
57.05
55.94
55.01
53.31
51.9
51.56
52.47
51.5
52.29
51.89
51.2
51.62
51.82
49.56
50.33
48.6
48.75
50.05
50.36
49.48
48.95
49.57
49.42
49.65
50.52
51.56
50.97
50.27
50.76
50.88
49.95
50.01
50.13
49.93
50.6
50.77
51.54
52.53
52.79
52.98
53.19
51.98
51.62
51.35
52.52
52.27
52.66
52.82
52.22
52.58
51.76
52.08
52.26
52.97
52.64
51.37
51.06
51.26
50.97
50.53
50.53
49.44
49.77
49.76
49.7
51.74
51.83
51.57
52.59
52.56
52.97
53.33
52.77
53.95
54.45
53.69
54.42
53.56
54.15
53.94
53.28
53.05
54.23
55.84
55.52
54.82
54.82
54.32
54.83
53.58
53.72
53.3
52.87
53.02
52.97
53.16
53.6
53.86
54.05
53.6
53.22
53.75
53.3
52.81
53.68
54.13
54.25
53.36
53.24
53.12
52.41
52.64
53.05
54.09
54.28
54.83
54.31
53.96
54.01
54.31
54.49
54.41
54.52
54.22
54.51
54.37
54.14
54.29
54.93
55.29
55.23
54.56
55.1
55.15
54.67
54.76
55.2
56.52
57.2
56.86
57.82
57.3
56.89
56.13
55.53
56.11
56.42
57.53
56.73
56.32
56.93
56.67
56.88
57.11
56.74
55.64
55.43
55.39
53.8
53.54
54.04
54.34
53.99
53.73
55.0
55.05
53.82
54.46
54.63
55.12
53.69
54.0
52.59
53.26
52.57
52.07
50.65
51.67
52.86
52.57
51.31
51.31
51.91
51.83
51.94
52.59
53.33
54.64
55.76
54.85
55.56
55.92
56.74
56.18
56.36
57.2
57.19
57.28
58.02
57.22
57.76
57.81
57.44
57.16
58.43
58.77
59.54
59.43
59.9
60.56
60.95
61.22
61.12
61.41
61.89
61.93
61.95
62.28
62.63
62.2
61.7
60.69
61.15
62.06
62.72
63.06
62.54
63.52
63.26
62.96
62.34
61.35
60.78
61.17
61.51
60.34
60.8
60.01
58.33
58.11
58.7
58.12
58.07
59.55
58.83
57.58
58.18
58.3
58.44
59.67
60.29
60.59
60.27
60.18
58.75
59.83
60.47
60.64
59.77
60.36
59.76
60.76
61.44
62.72
62.34
62.13
62.63
62.47
62.8
62.77
63.78
64.33
64.18
63.63
64.15
63.82
63.94
64.8
65.49
65.14
66.58
67.3
67.13
67.14
67.16
67.47
65.55
65.92
65.34
66.2
65.77
65.29
65.37
66.9
68.58
69.29
69.64
70.15
70.42
68.84
68.3
68.11
67.98
68.78
69.78
71.02
69.73
68.12
69.45
68.63
68.44
68.03
68.6
69.42
69.76
69.13
66.85
65.6
66.07
65.54
65.03
64.04
64.03
65.54
64.62
65.36
64.91
66.33
65.76
67.2
67.57
66.32
66.4
66.03
67.11
66.84
67.73
68.14
68.26
68.07
67.75
68.36
68.14
67.58
68.35
68.49
68.25
68.21
67.83
67.74
68.02
68.14
68.31
65.07
64.94
64.31
63.42
63.4
64.32
64.9
65.09
64.43
64.2
63.33
64.34
64.04
63.29
64.41
65.23
66.34
67.36
67.96
68.37
68.59
68.45
69.07
68.35
68.99
69.57
69.85
69.95
69.57
70.27
69.55
70.11
70.13
70.82
71.02
70.84
70.17
72.26
71.75
71.2
72.4
72.97
72.8
71.91
72.17
72.31
73.09
72.97
73.22
73.72
73.76
72.23
73.91
73.92
73.81
74.11
74.42
75.75
76.05
75.31
75.51
74.86
75.98
75.17
76.43
75.67
76.63
76.63
76.66
76.08
74.57
75.22
75.57
74.61
75.83
77.13
78.19
78.57
78.1
75.35
76.7
75.08
74.94
74.44
75.95
76.06
76.32
77.17
77.66
77.48
78.66
79.56
78.7
79.42
81.54
82.18
81.61
81.06
82.93
83.97
83.65
85.01
82.65
84.42
80.27
77.87
78.25
77.45
78.1
77.5
74.68
76.01
77.97
79.97
76.37
77.2
75.74
75.94
74.62
73.69
76.86
77.21
75.95
76.35
76.5
78.27
77.75
75.82
77.85
78.01
78.31
79.68
79.67
79.92
78.33
77.52
79.42
80.06
80.95
81.0
81.54
83.82
84.15
84.12
84.32
83.79
84.0
84.38
84.92
84.55
85.82
84.26
83.43
83.05
83.45
82.83
84.65
85.07
84.64
85.39
86.61
86.54
86.6
86.82
84.17
83.04
83.44
84.16
83.65
84.23
85.51
83.25
84.03
80.84
80.32
80.07
82.56
79.96
82.0
79.64
77.52
79.67
79.15
77.48
78.04
77.13
80.53
79.82
80.96
78.57
79.21
80.62
81.24
81.76
81.48
80.81
82.46
83.85
83.91
84.39
82.79
84.29
85.03
83.61
82.43
83.83
83.84
84.48
85.68
85.89
86.94
85.9
87.12
85.91
85.75
86.04
84.44
83.65
82.58
83.96
84.05
82.81
83.29
81.63
79.35
76.95
78.02
75.61
76.52
78.86
76.97
78.07
78.02
78.2
78.59
78.82
78.35
75.3
74.68
75.42
75.25
76.64
77.71
78.73
78.79
78.62
80.13
81.14
80.05
80.28
82.09
82.79
82.33
82.32
80.13
80.82
79.84
80.3
77.83
75.97
75.94
79.83
79.18
80.17
79.12
79.01
81.48
77.76
78.28
79.16
78.47
79.44
79.39
78.49
77.9
80.14
81.52
81.26
81.73
81.89
82.53
82.61
82.47
81.62
82.61
83.62
85.55
86.0
86.57
86.81
86.93
86.77
85.28
85.15
85.14
84.54
85.71
82.61
82.53
82.44
82.95
81.8
82.82
82.17
82.51
82.96
83.17
84.46
85.73
87.29
87.48
86.65
85.58
83.91
83.07
83.66
82.66
82.11
81.23
79.29
79.33
82.62
80.29
82.4
81.31
81.97
80.54
81.74
81.4
81.98
81.25
79.36
78.55
81.13
80.41
81.04
79.94
80.07
81.53
81.73
80.86
81.66
80.44
79.5
77.99
79.61
79.08
79.02
76.03
74.76
74.31
75.43
76.76
76.65
74.92
74.75
75.58
74.64
74.84
78.06
74.4
73.75
70.86
72.48
72.46
71.64
72.82
72.67
71.48
72.68
72.01
71.66
71.16
72.48
73.28
74.71
74.66
73.19
74.34
74.82
75.48
74.39
71.89
72.54
70.8
70.31
71.38
68.12
69.97
70.26
72.06
68.11
71.07
70.0
72.29
74.02
73.34
72.24
72.55
75.01
74.99
68.86
72.21
73.06
72.06
72.47
71.89
70.73
71.6
63.23
57.98
67.95
67.37
57.97
64.58
63.26
69.73
66.48
60.04
65.45
64.19
61.45
69.61
69.41
69.78
68.92
69.08
72.05
68.52
65.05
69.15
69.22
67.94
64.46
70.52
68.9
68.62
71.38
68.66
64.07
70.89
73.69
73.05
75.64
74.95
69.49
72.58
73.81
71.32
71.63
74.44
73.13
74.88
74.83
75.23
74.77
77.75
75.8
72.01
70.16
70.05
70.23
70.87
72.18
72.96
73.49
74.65
76.35
76.34
75.09
73.18
73.96
72.54
71.58
72.87
70.23
71.69
73.04
71.34
74.12
73.16
72.98
73.5
73.8
74.11
72.01
71.52
71.72
73.05
72.62
74.61
75.51
74.7
71.56
70.1
70.7
70.1
66.99
67.61
67.82
66.95
65.13
67.76
67.72
66.68
63.82
61.01
60.49
61.73
58.48
60.18
60.69
63.34
61.82
63.11
63.16
62.94
64.94
65.01
64.22
62.12
66.29
65.21
65.94
66.95
65.77
64.5
64.01
65.07
66.03
66.2
65.84
64.58
64.81
65.64
63.93
63.63
64.04
63.36
62.74
61.36
62.25
60.86
61.76
62.57
62.15
63.05
64.32
62.66
63.92
64.1
63.58
64.46
64.79
66.54
65.49
66.96
65.97
65.96
65.34
66.66
66.68
65.81
64.66
65.08
66.0
64.58
65.46
65.57
67.85
68.94
68.15
69.0
68.99
69.18
69.13
69.81
70.01
69.76
68.84
67.72
67.53
67.54
67.18
65.09
65.19
64.72
66.07
65.29
66.73
66.1
66.71
64.76
64.39
62.93
62.65
62.37
61.57
62.12
62.61
64.71
64.73
64.78
65.18
66.63
66.17
67.71
68.35
68.78
67.97
67.54
66.86
66.55
66.8
66.75
66.21
65.93
65.68
65.41
64.81
65.74
65.4
64.88
63.31
63.25
64.69
65.25
66.51
67.82
67.23
67.89
67.41
66.7
65.78
65.08
64.86
64.93
65.81
67.21
67.06
67.21
66.57
66.59
66.1
66.91
66.44
66.58
66.18
66.43
65.64
65.57
65.35
66.2
65.7
65.27
63.99
63.33
64.29
65.31
65.32
65.68
65.89
66.71
66.84
68.34
69.38
69.56
70.03
69.46
69.74
70.81
69.98
69.66
71.26
70.24
70.35
68.18
68.63
68.24
67.82
68.97
69.04
69.7
69.47
69.76
68.79
69.34
71.21
71.79
72.02
71.42
71.17
72.43
72.69
73.17
71.63
71.83
72.75
72.52
71.75
71.04
70.58
69.8
69.64
69.27
69.68
66.68
66.18
65.47
65.27
65.26
65.55
65.61
65.31
65.69
66.1
65.87
65.8
65.24
66.16
66.42
66.99
66.78
66.52
67.26
66.93
66.66
66.67
66.12
66.28
65.09
63.82
63.24
63.0
63.07
62.71
62.15
61.65
63.32
64.07
63.72
61.92
62.0
61.97
62.79
62.45
62.83
62.4
63.83
63.33
63.52
63.43
62.98
62.54
63.13
62.73
62.6
62.98
63.07
63.01
62.98
64.01
64.02
64.31
64.73
64.73
64.33
63.85
64.11
64.87
64.9
64.56
64.49
64.47
64.04
63.85
64.08
64.81
64.57
64.5
65.11
65.67
65.39
64.85
65.35
66.22
66.17
66.12
66.07
65.74
65.42
65.71
66.42
66.37
66.03
66.68
66.73
65.75
66.63
66.12
65.26
65.33
64.01
63.72
61.53
61.35
62.82
62.5
62.93
62.77
61.66
61.34
60.88
60.55
58.49
59.03
58.36
57.89
57.51
59.59
58.62
57.45
58.92
59.69
57.72
57.5
59.38
58.2
60.01
59.98
59.5
60.61
60.61
60.7
61.18
61.21
60.06
59.24
58.24
57.3
56.69
55.55
55.33
54.89
54.85
55.71
56.65
57.02
56.99
57.15
57.61
57.46
57.47
56.2
56.65
57.16
56.4
57.57
57.9
58.55
58.96
59.06
58.5
57.86
60.06
60.81
60.81
60.8
60.08
60.55
60.05
58.97
58.82
58.5
58.47
59.39
58.74
57.9
57.51
58.1
57.56
57.53
57.11
58.4
57.61
57.72
59.48
59.63
59.88
59.13
59.32
59.62
59.76
59.57
59.58
59.57
59.54
59.35
60.1
60.09
60.01
59.71
60.3
60.26
60.6
60.14
60.34
61.07
60.73
61.77
62.44
62.35
62.87
63.03
63.18
63.51
63.77
63.66
64.72
63.59
64.46
64.76
64.78
64.64
64.97
64.13
64.66
64.93
65.38
66.25
66.37
67.75
68.36
68.67
69.41
69.9
70.58
69.76
69.26
67.74
67.81
69.09
69.32
68.97
67.78
68.67
68.03
68.25
68.35
70.09
70.24
69.96
70.07
70.22
70.6
70.75
70.93
71.11
70.93
70.6
70.97
70.92
70.97
71.46
71.54
71.93
71.74
72.15
72.1
72.09
71.85
73.26
73.6
73.4
73.88
74.28
73.83
74.38
75.25
75.38
76.49
77.35
76.88
76.4
77.61
77.23
77.32
78.28
78.49
77.62
79.28
82.45
81.96
81.99
81.84
82.47
81.97
81.55
82.19
81.81
83.88
81.96
82.67
82.86
83.47
84.4
86.01
84.92
84.3
84.49
83.77
84.05
84.78
84.05
83.69
83.57
83.35
80.39
81.12
81.38
80.4
78.35
80.17
79.87
81.83
81.56
81.6
81.72
82.6
82.45
82.24
83.46
83.11
83.65
83.84
84.38
84.14
84.72
84.9
84.12
82.17
82.15
82.43
83.26
82.09
82.78
84.61
85.31
85.17
86.36
86.71
86.28
86.91
85.91
84.58
83.78
81.62
81.68
82.17
82.33
80.59
80.52
80.34
79.71
79.88
81.2
81.79
81.03
80.14
80.76
81.42
81.85
82.09
82.92
81.49
80.8
80.65
79.76
79.48
80.23
80.65
79.26
78.71
79.85
78.14
78.7
78.5
79.19
80.04
79.3
77.93
76.28
77.41
79.11
79.72
80.85
81.47
81.06
81.03
81.82
81.88
81.36
81.35
81.94
81.7
82.46
82.11
83.08
82.75
84.46
84.66
84.02
83.82
82.76
80.93
79.27
79.08
77.33
77.21
73.36
74.33
69.73
71.17
68.03
71.58
72.0
74.29
73.5
74.16
70.94
69.8
70.18
73.66
73.54
71.77
72.64
74.12
73.91
74.02
73.49
72.14
71.15
73.65
72.82
71.01
71.84
71.65
72.64
74.01
74.55
73.7
74.01
71.97
69.24
69.31
71.72
72.91
72.07
73.88
72.63
71.15
72.83
73.95
73.89
73.56
76.28
76.27
77.16
76.37
78.11
